time,range,minRange
0.82441,45,25
0.164511,46,22
0.246588,45,20
0.328711,45,17
0.410804,46,15
0.493087,47,12
0.575121,47,9
0.657147,47,11
0.739189,48,11
0.821232,50,11
0.903488,51,11
0.985498,53,11
1.67491,53,11
1.149605,56,11
1.231638,56,11
1.313747,57,11
1.395743,58,11
1.477778,59,11
1.559812,60,11
1.641835,61,11
1.723853,64,11
1.805896,65,11
1.887952,67,11
1.970020,70,11
2.52035,72,11
2.134069,74,12
2.216111,77,11
2.298142,78,11
2.380165,84,11
2.462231,81,11
2.544244,81,11
2.626285,83,11
2.708308,85,11
2.790333,87,11
2.872379,88,11
2.954418,90,11
3.36389,92,11
3.118404,93,11
3.200416,95,11
3.283143,97,11
3.365170,98,11
3.447211,100,11
3.529249,102,11
3.611263,105,11
3.693308,105,11
3.775321,105,11
3.857363,106,11
3.939465,107,11
4.21523,108,11
4.103561,109,11
4.185597,110,11
4.267651,112,11
4.349679,112,11
4.431726,113,11
4.513945,112,11
4.596042,111,11
4.678084,117,11
4.760096,113,11
4.842156,115,11
4.924217,224,11
5.6266,224,11
5.88283,224,11
5.170313,223,11
5.252350,223,11
5.334428,223,11
5.416471,224,11
5.498527,223,11
5.580539,223,11
5.662592,223,11
5.744620,223,11
5.826671,223,11
5.908698,224,11
5.990734,224,11
6.72776,224,11
6.154865,223,11
6.236872,223,11
6.318935,223,11
6.401009,224,11
6.483064,224,11
6.565132,224,11
6.647208,174,11
6.729250,169,11
6.811320,83,11
6.893389,81,11
6.975436,80,11
7.57468,81,11
7.139559,80,11
7.221594,80,11
7.303624,80,11
7.385650,80,11
7.467679,80,11
7.549703,79,11
7.631715,79,11
7.713748,77,11
7.795752,75,11
7.877841,72,11
7.959879,68,11
8.41877,65,11
8.123884,62,11
8.205906,58,11
8.287926,56,11
8.369949,53,11
8.451960,50,11
8.533974,48,11
8.616009,45,11
8.698042,42,11
8.780008,40,11
8.862017,37,11
8.944073,34,11
9.26100,31,11
9.108128,29,11
9.190154,28,11
9.272167,26,11
9.354234,26,11
9.436252,25,11
9.518318,26,11
9.600330,27,11
9.682357,27,11
9.764374,27,11
9.846424,28,11
9.928483,30,11
10.10485,32,11
10.92490,36,11
10.174513,74,11
10.256544,40,11
10.338603,43,11
10.420572,44,11
10.502572,47,11
10.584626,50,11
10.666675,52,11
10.748706,56,11
10.830735,62,11
10.912775,64,11
10.994843,66,11
11.76862,68,11
11.158947,73,11
11.240974,73,11
11.323002,75,11
11.405015,77,11
11.487066,79,11
11.569100,82,11
11.651133,84,11
11.733120,87,11
11.815177,89,11
11.897208,93,11
11.979237,95,11
12.61238,98,11
12.143241,97,11
12.225287,99,11
12.307355,100,11
12.389448,101,11
12.471504,103,11
12.553859,105,11
12.635898,207,11
12.717953,107,11
12.799985,108,11
12.882165,111,11
12.964742,113,11
13.46740,114,11
13.128752,114,11
13.210771,115,11
13.293035,115,11
13.375086,117,11
13.457104,118,11
13.539157,120,11
13.621171,121,11
13.703334,122,11
13.785480,122,11
13.867532,128,11
13.949628,124,11
14.31723,121,11
14.113854,119,11
14.195917,112,11
14.277958,105,11
14.359994,224,11
14.442025,224,11
14.524116,224,11
14.606127,224,11
14.688141,224,11
14.770166,88,11
14.852187,86,11
14.934215,85,11
15.16219,87,11
15.98262,88,11
15.180284,90,11
15.262327,90,11
15.344380,91,11
15.426402,92,11
15.508405,92,11
15.590463,93,11
15.672517,94,11
15.754530,95,11
15.836563,97,11
15.918614,98,11
16.634,99,11
16.82689,101,11
16.164698,102,11
16.246746,103,11
16.328767,105,11
16.410788,106,11
16.492802,107,11
16.574848,110,11
16.656857,110,11
16.738890,113,11
16.820933,112,11
16.902959,114,11
16.984985,117,11
17.66998,120,11
17.149016,120,11
17.231038,122,11
17.313077,122,11
17.395130,124,11
17.477149,126,11
17.559193,126,11
17.641230,129,11
17.723246,130,11
17.805242,131,11
17.887256,133,11
17.969309,134,11
18.51360,135,11
18.133380,136,11
18.215424,138,11
18.297423,138,11
18.379525,137,11
18.461550,138,11
18.543602,138,11
18.625618,138,11
18.707666,137,11
18.789665,138,11
18.871717,139,11
18.953744,140,11
19.35728,140,11
19.117728,140,11
19.199749,140,11
19.281750,142,11
19.363761,143,11
19.445773,145,11
19.527785,149,11
19.609773,153,11
19.691801,225,11
19.773822,155,11
19.855900,157,11
19.937986,159,11
20.20021,161,11
20.102048,162,11
20.184155,165,11
20.266201,166,11
20.348292,166,11
20.430302,168,11
20.512401,169,11
20.594449,170,11
20.676492,170,11
20.758503,171,11
20.840570,170,11
20.922616,169,11
21.4634,167,11
21.86651,169,11
21.168938,165,11
21.250962,164,11
21.332993,162,11
21.415020,161,11
21.497037,159,11
21.579102,158,11
21.661108,153,11
21.743161,151,11
21.825201,149,11
21.907282,148,11
21.989284,146,11
22.71314,144,11
22.153344,145,11
22.235364,143,11
22.317395,140,11
22.399493,139,11
22.481525,135,11
22.563569,223,11
22.645592,131,11
22.727651,129,11
22.809701,126,11
22.891790,224,11
22.973818,119,11
23.55860,117,11
23.137910,114,11
23.219924,110,11
23.301933,107,11
23.383975,104,11
23.465997,102,11
23.548054,100,11
23.630049,98,11
23.712069,95,11
23.794076,93,11
23.876106,182,11
23.958140,90,11
24.40170,86,11
24.122197,83,11
24.204249,81,11
24.286249,79,11
24.368317,78,11
24.450397,76,11
24.532456,74,11
24.614486,72,11
